# 0.0 0.0 -1.57 300.8 1 root 
## 0.0 0.0 0.0 0.0 2 Bone2 
### 0.0 0.0 -1.57 100.0 1 Body 
#### 0.0 0.0 -1.57 0.0 1 Bone3 
##### 0.0 0.0 2.41 62.0 3 Bone4 
###### 0.0 0.0 -1.57 65.0 1 Head 
####### 0.0 0.0 -1.55 -95.0 1 Bone5 
######## 0.0 0.0 -1.68 79.3 1 Face 
######### 0.0 0.0 0.0 3.0 0 EndHead 
###### 0.0 0.0 0.0 25.0 1 Bone8 
####### 0.0 0.0 1.87 90.0 1 ArmR 
######## 0.0 0.0 0.0 3.0 0 EndArmR 
###### 0.0 0.0 0.1 16.0 1 Bone10 
####### 0.0 0.0 1.17 90.0 1 ArmL
######## 0.0 0.0 0.0 3.0 0 EndArmL 
### 0.0 0.0 -1.0 70.0 3 Bone12 
#### 0.0 0.0 1.85 90.0 1 LegR 
##### 0.0 0.0 -1.2 42.0 1 KneeR 
###### 0.0 0.0 -1.67 54.0 1 LegR2 
####### 0.0 0.0 0.0 3.0 0 EndLegR 
#### 0.0 0.0 -1.37 41.0 1 Tail 
##### 0.0 0.0 0.0 3.0 0 TailEnd 
#### 0.0 0.0 1.41 90.0 1 LegL 
##### 0.0 0.0 -1.75 54.0 1 KneeL 
###### 0.0 0.0 -2.77 37.0 1 LegL2 
####### 0.0 0.0 0.0 3.0 0 EndLegL 
