root 0 -1 0 0 0.0 0.0 3 -1 0 0 0.0 0.0 6 -1 0 0 0.0 0.0 9 -1 0 0 0.0 0.0 12 -1 0 0 0.0 0.0 16 -1 0 0 0.0 0.0
Bone2 0 -1 0 0 0.0 0.0 
Bone3 0 -1 0 0 0.0 0.0 
Body 0 1 0 0 0.0 0.0 2 1 0 0 0.0 0.0 4 1 0 0 0.0 0.0 6 1 0 0 0.0 0.0 8 1 0 0 0.0 0.0 10 1 0 0 0.0 0.0 12 1 0 0 0.0 0.0 14 1 0 0 0.0 0.0 16 1 0 0 0.0 0.0
Bone4 0 -1 0 0 0.0 0.0 
Head 0 0 1 0 0.0 0.0 2 0 1 0 0.0 0.0 4 0 1 0 0.0 0.0 6 0 1 0 0.0 0.0 8 0 1 0 0.0 0.0 10 0 1 0 0.0 0.0 12 0 1 0 0.0 0.0 14 0 1 0 0.0 0.0 16 0 1 0 0.0 0.0 
Bone5 0 -1 0 0 0.0 0.0 
Face 0 1 2 0 0.0 0.0 2 1 2 0 0.0 0.0 4 1 2 0 0.0 0.0 6 1 2 0 0.0 0.0 8 1 2 0 0.0 0.0 10 1 2 0 0.0 0.0 12 1 2 0 0.0 0.0 14 1 2 0 0.0 0.0 16 1 2 0 0.0 0.0 
EndHead 0 -1 0 0 0.0 0.0 
Bone8 0 -1 0 0 0.0 0.0 2 -1 0 0 0.0 0.0 4 -1 0 0 0.0 0.0 6 -1 0 0 0.0 0.0 8 -1 0 0 0.0 0.0 10 -1 0 0 0.0 0.0 12 -1 0 0 0.0 0.0 14 -1 0 0 0.0 0.0 16 -1 0 0 0.0 0.0
ArmR 0 4 2 0 0.0 0.0 2 4 2 0 0.0 0.0 4 4 2 0 -0.3 0.0 6 4 2 0 -0.4 0.0 8 4 2 0 -0.5 0.0 10 4 2 0 -0.6 0.0 12 4 2 0 -0.7 0.0 14 4 2 0 -0.8 0.0 16 4 2 0 0.0 0.0
EndArmR 0 -1 0 0 0.0 0.0 
Bone10 0 -1 0 0 0.0 0.0 2 -1 0 0 0.0 0.0 4 -1 0 0 0.0 0.0 6 -1 0 0 0.0 0.0 8 -1 0 0 0.0 0.0 10 -1 0 0 0.0 0.0 12 -1 0 0 0.0 0.0 14 -1 0 0 0.0 0.0 16 -1 0 0 0.0 0.0
ArmL 0 8 -2 0 0.0 0.0 2 8 -2 0 0.0 0.0 4 8 2 0 0.3 0.0 6 13 -2 0 0.4 0.0 8 4 -2 0 0.6 0.0 10 5 2 0 0.8 0.0 12 6 2 0 0.9 0.0 14 7 2 0 1.0 0.0 16 8 2 0 0.0 0.0
EndArmL 0 -1 0 0 0.0 0.0 
Bone12 0 -1 0 0 0.0 0.0 
LegR 0 0 2 0 0.0 0.0 2 0 2 0 0.0 0.0 4 0 2 0 -0.3 0.0 6 0 2 0 -0.4 0.0 8 0 2 0 -0.5 0.0 10 0 2 0 -0.6 0.0 12 0 2 0 -0.5 0.0 14 0 2 0 -0.8 0.0 16 0 2 0 0.0 0.0
KneeR 0 -1 0 0 0.0 0.0 3 -1 0 0 0.0 0.0 6 -1 0 0 0.0 0.0 9 -1 0 0 0.0 0.0 12 -1 0 0 0.0 0.0 15 -1 0 0 0.0 0.0 16 -1 0 0 0.0 0.0 
LegR2 0 6 2 0 0.0 0.0 2 6 2 0 0.0 0.0 4 5 2 0 -1.1 14.8 6 13 2 0 -1.0 14.1 8 13 2 0 -1.1 19.6 10 13 2 0 -1.3 22.3 12 13 2 0 -1.2 22.5 14 13 2 0 -1.2 23.8 16 13 2 0 0.0 0.0
EndLegR 0 -1 0 0 0.0 0.0 
Tail 0 7 -1 0 0.0 0.0 2 8 -1 0 0.0 0.0 4 9 -1 0 0.0 0.0 6 10 -1 0 0.0 0.0 8 11 -1 0 0.0 0.0 10 12 -1 0 0.0 0.0 12 13 -1 0 0.0 0.0 14 14 -1 0 0.0 0.0 16 15 -1 0 0.0 0.0 
TailEnd 0 -1 0 0 0.0 0.0
LegL 0 0 -2 0 0.0 0.0 2 0 -2 0 0.0 0.0 4 0 -2 0 0.3 0.0 6 0 -2 0 0.4 0.0 8 0 -2 0 0.6 0.0 10 0 -2 0 0.8 0.0 12 0 -2 0 0.1 0.0 14 0 -2 0 0.0 0.0 16 0 -2 0 0.0 0.0 
KneeL 0 -1 0 0 0.0 0.0 3 -1 0 0 0.0 0.0 6 -1 0 0 0.3 -5.0 9 -1 0 0 0.6 -2.5 11 -1 0 0 0.4 6.3 14 -1 0 0 0.0 0.0 16 -1 0 0 0.0 0.0 
LegL2 0 13 -2 0 0.0 0.0 2 13 2 0 0.0 0.0 4 13 2 0 0.3 0.0 6 13 -2 0 0.4 0.0 8 13 -2 0 0.6 0.0 10 13 2 0 0.8 0.0 12 13 2 0 0.9 0.0 14 13 2 0 1.0 0.0 16 13 2 0 0.0 0.0 
EndLegL 0 -1 0 0 0.0 0.0 
