# 14.0 -15.0 0.0 0.0 1 root 0 -1 0 0 0.0 0.0 
## 0.0 0.0 0.0 10.0 2 Bone2 0 -1 0 0 0.0 0.0 
### 0.0 0.0 1.59 -3.0 1 Bone3 0 -1 0 0 0.0 0.0 
#### 0.0 0.0 0.0 50.0 1 Abs 0 0 0 0 0.0 0.0 
##### 0.0 0.0 0.0 -33.0 1 Bone4 0 -1 0 0 0.0 0.0 
###### 0.0 0.0 0.0 90.0 1 Absuber 0 0 0 0 0.0 0.0 
####### 0.0 0.0 0.0 -90.0 1 Bone5 0 -1 0 0 0.0 0.0 
######## 0.0 0.0 0.0 70.0 1 Chest 0 0 1 0 0.0 0.0 
######### 0.0 0.0 0.0 -20.0 3 Bone6 0 -1 0 0 0.0 0.0 
########## 0.0 0.0 0.0 20.0 1 Neck 0 0 -2 0 0.0 0.0 
########### 0.0 0.0 0.0 -10.0 1 Bone7 0 -1 0 0 0.0 0.0 
############ 0.0 0.0 0.0 50.0 1 Head 0 0 1 0 0.0 0.0 
############# 0.0 0.0 0.0 3.0 0 EndHead 0 -1 0 0 0.0 0.0 
########## 0.0 0.0 -1.3 20.0 1 Bone8 0 -1 0 0 0.0 0.0 
########### 0.0 0.0 4.6 -8.0 1 Bone9 0 -1 0 0 0.0 0.0 
############ 0.0 0.0 0.0 60.0 1 ArmR 0 0 2 0 0.0 0.0 
############# 0.0 0.0 0.0 -6.0 1 ElbowR 0 -1 0 0 0.0 0.0 
############## 0.0 0.0 0.0 50.0 1 ArmR2 0 0 0 0 0.0 0.0 
############### 0.0 0.0 0.0 -5.0 1 WristR 0 -1 0 0 0.0 0.0 
################ 0.0 0.0 0.0 30.0 1 HandR 0 0 0 0 0.0 0.0 
################# 0.0 0.0 0.0 3.0 0 EndArmR 0 -1 0 0 0.0 0.0 
########## 0.0 0.0 1.3 20.0 1 Bone10 0 -1 0 0 0.0 0.0 
########### 0.0 0.0 1.6 -7.0 1 Bone11 0 -1 0 0 0.0 0.0 
############ 0.0 0.0 0.0 60.0 1 ArmL 0 0 1 0 0.0 0.0 
############# 0.0 0.0 0.0 -3.1 1 ElbowL 0 -1 0 0 0.0 0.0 
############## 0.0 0.0 0.0 50.0 1 ArmL2 0 0 1 0 0.0 0.0 
############### 0.0 0.0 0.0 -4.0 1 WristL 0 -1 0 0 0.0 0.0 
################ 0.0 0.0 0.0 30.0 1 HandL 0 0 1 0 0.0 0.0 
################# 0.0 0.0 0.0 3.0 0 EndArmL 0 -1 0 0 0.0 0.0 
### 0.0 0.0 -1.61 -15.2 2 Bone12 0 -1 0 0 0.0 0.0 
#### 0.0 0.0 0.0 50.0 1 Hip 0 0 0 0 0.0 0.0 
##### 0.0 0.0 2.5 27.0 1 Bone13 0 -1 0 0 0.0 0.0 
###### 0.0 0.0 3.9 0.2 1 Bone14 0 -1 0 0 0.0 0.0 
####### 0.0 0.0 0.0 90.0 1 LegR 0 0 2 0 0.0 0.0 
######## 0.0 0.0 0.0 -11.0 1 KneeR 0 -1 0 0 0.0 0.0 
######### 0.0 0.0 0.0 70.0 1 LegR2 0 0 0 0 0.0 0.0 
########## 0.0 0.0 0.0 -10.0 1 AnkleR 0 -1 0 0 0.0 0.0 
########### 0.0 0.0 0.0 50.0 1 FootR 0 0 0 0 0.0 0.0 
############ 0.0 0.0 0.0 3.0 0 EndLegR 0 -1 0 0 0.0 0.0 
#### 0.0 0.0 0.0 3.0 1 Bone15 0 -1 0 0 0.0 0.0 
##### 0.0 0.0 0.0 47.0 1 Hip2 0 0 1 0 0.0 0.0 
###### 0.0 0.0 -2.4 26.4 1 Bone16 0 -1 0 0 0.0 0.0 
####### 0.0 0.0 2.4 -0.6 1 Bone17 0 -1 0 0 0.0 0.0 
######## 0.0 0.0 0.0 90.0 1 LegL 0 0 2 0 0.0 0.0 
######### 0.0 0.0 0.0 -8.0 1 KneeL 0 -1 0 0 0.0 0.0 
########## 0.0 0.0 0.0 70.0 1 LegL2 0 0 0 0 0.0 0.0 
########### 0.0 0.0 0.0 -10.0 1 AnkleL 0 -1 0 0 0.0 0.0 
############ 0.0 0.0 0.0 50.0 6 FootL 0 0 0 0 0.0 0.0 
############# 0.0 0.0 0.0 3.0 0 EndLegL 0 -1 0 0 0.0 0.0 