root 0 -1 0 0 0.0 0.0 3 -1 0 0 0.0 0.0 6 -1 0 0 0.0 0.0 9 -1 0 0 0.0 0.0 12 -1 0 0 0.0 0.0 15 -1 0 0 0.0 0.0 18 -1 0 0 0.0 0.0 20 -1 0 0 0.0 0.0 
Bone2 0 -1 0 0 0.0 0.0 
Bone3 0 -1 0 0 0.0 0.0 
Abs 0 12 -1 0 0.0 0.0 3 5 -1 0 0.0 0.0 6 12 -1 0 0.0 0.0 9 12 -1 0 0.0 0.0 12 12 -1 0 0.0 0.0 15 12 -1 0 0.0 0.0 18 12 -1 0 0.0 0.0 20 12 0 0 0.0 0.0
Bone4 0 -1 0 0 0.0 0.0 
Absuber 0 11 0 0 0.0 0.0 3 12 0 0 0.0 0.0 6 13 0 0 0.0 0.0 9 13 0 0 0.0 0.0 12 12 0 0 0.0 0.0 15 11 0 0 0.0 0.0 18 11 0 0 0.0 0.0 20 11 0 0 0.0 0.0 
Bone5 0 -1 0 0 0.0 0.0 
Chest 0 11 0 0 0.0 0.0 3 12 0 0 0.0 0.0 6 13 1 0 0.0 0.0 9 13 1 0 0.0 0.0 12 12 1 0 0.0 0.0 15 11 0 0 0.0 0.0 18 11 0 0 0.0 0.0 20 11 0 0 0.0 0.0 
Bone6 0 -1 0 0 0.0 0.0 
Neck 0 12 0 0 0.0 0.0 3 12 0 0 0.0 0.0 6 12 0 0 0.0 0.0 9 12 0 0 0.0 0.0 12 12 0 0 0.0 0.0 15 12 0 0 0.0 0.0 18 12 0 0 0.0 0.0 20 12 0 0 0.0 0.0 
Bone7 0 -1 0 0 0.0 0.0 
Head 0 12 2 0 0.0 0.0 3 1 2 0 0.0 0.0 6 12 2 0 0.0 0.0 9 12 2 0 0.0 0.0 12 12 2 0 0.0 0.0 15 12 2 0 0.0 0.0 18 12 2 0 0.0 0.0 20 12 2 0 0.0 0.0 
EndHead 0 -1 0 0 0.0 0.0 
Bone8 0 -1 0 0 0.0 0.0 3 -1 0 0 0.0 0.0 6 -1 0 0 0.0 0.0 9 -1 0 0 0.0 0.0 12 -1 0 0 0.0 0.0 15 -1 0 0 0.0 0.0 18 -1 0 0 0.0 0.0 20 -1 0 0 0.0 0.0 
Bone9 0 -1 0 0 0.0 0.0 3 -1 0 0 0.0 0.0 6 -1 0 0 0.0 0.0 9 -1 0 0 0.0 0.0 12 -1 0 0 0.0 0.0 15 -1 0 0 0.0 0.0 18 -1 0 0 0.0 0.0 20 -1 0 0 0.0 0.0 
ArmR 0 13 -2 0 0.0 0.0 3 14 -2 0 0.0 0.0 6 14 -2 0 0.0 0.0 9 13 -2 0 0.0 0.0 12 12 -2 0 0.0 0.0 15 11 -2 0 0.0 0.0 18 11 -2 0 0.0 0.0 20 13 -2 0 0.0 0.0 
ElbowR 0 -1 0 0 0.0 0.0 3 -1 0 0 0.0 0.0 6 -1 0 0 0.0 0.0 9 -1 0 0 0.0 0.0 12 -1 0 0 0.0 0.0 15 -1 0 0 0.0 0.0 18 -1 0 0 0.0 0.0 20 -1 0 0 0.0 0.0 
ArmR2 0 13 -2 0 0.0 0.0 3 14 -2 0 0.0 0.0 6 14 -2 0 0.0 0.0 9 13 -2 0 0.0 0.0 12 12 -2 0 0.0 0.0 15 11 -2 0 0.0 0.0 18 11 -2 0 0.0 0.0 20 13 -2 0 0.0 0.0 
WristR 0 -1 0 0 0.0 0.0 
HandR 0 13 -2 0 0.0 0.0 3 14 -2 0 0.0 0.0 6 14 -2 0 0.0 0.0 9 13 -2 0 0.0 0.0 12 12 -2 0 0.0 0.0 15 11 -2 0 0.0 0.0 18 11 -2 0 0.0 0.0 20 13 -2 0 0.0 0.0 
EndArmR 0 -1 0 0 0.0 0.0 
Bone10 0 -1 0 0 0.0 0.0 3 -1 0 0 0.0 0.0 6 -1 0 0 0.0 0.0 9 -1 0 0 0.0 0.0 12 -1 0 0 0.0 0.0 15 -1 0 0 0.0 0.0 18 -1 0 0 0.0 0.0 20 -1 0 0 0.0 0.0 
Bone11 0 -1 0 0 0.0 0.0 3 -1 0 0 0.0 0.0 6 -1 0 0 0.0 0.0 9 -1 0 0 0.0 0.0 12 -1 0 0 0.0 0.0 15 -1 0 0 0.0 0.0 18 -1 0 0 0.0 0.0 20 -1 0 0 0.0 0.0 
ArmL 0 13 2 0 0.0 0.0 3 14 2 0 0.0 0.0 6 14 2 0 0.0 0.0 9 13 2 0 0.0 0.0 12 12 2 0 0.0 0.0 15 11 2 0 0.0 0.0 18 11 2 0 0.0 0.0 20 13 2 0 0.0 0.0 
ElbowL 0 -1 0 0 0.0 0.0 3 -1 0 0 0.0 0.0 6 -1 0 0 0.0 0.0 9 -1 0 0 0.0 0.0 12 -1 0 0 0.0 0.0 15 -1 0 0 0.0 0.0 18 -1 0 0 0.0 0.0 20 -1 0 0 0.0 0.0 
ArmL2 0 13 2 0 0.0 0.0 3 14 2 0 0.0 0.0 6 14 2 0 0.0 0.0 9 13 2 0 0.0 0.0 12 12 2 0 0.0 0.0 15 11 2 0 0.0 0.0 18 11 2 0 0.0 0.0 20 13 2 0 0.0 0.0 
WristL 0 -1 0 0 0.0 0.0 
HandL 0 13 2 0 0.0 0.0 3 14 2 0 0.0 0.0 6 14 2 0 0.0 0.0 9 13 2 0 0.0 0.0 12 12 2 0 0.0 0.0 15 11 2 0 0.0 0.0 18 11 2 0 0.0 0.0 20 13 2 0 0.0 0.0 
EndArmL 0 -1 0 0 0.0 0.0 
Bone12 0 -1 0 0 0.0 0.0 
Hip 0 12 0 0 0.0 0.0 3 12 0 0 0.0 0.0 6 12 0 0 0.0 0.0 9 12 0 0 0.0 0.0 12 12 0 0 0.0 0.0 15 12 0 0 0.0 0.0 18 12 0 0 0.0 0.0 20 12 0 0 0.0 0.0 
Bone13 0 -1 0 0 0.0 0.0 3 -1 0 0 0.0 0.0 6 -1 0 0 0.0 0.0 9 -1 0 0 0.0 0.0 12 -1 0 0 0.0 0.0 15 -1 0 0 0.0 0.0 18 -1 0 0 0.0 0.0 20 -1 0 0 0.0 0.0 
Bone14 0 -1 0 0 0.0 0.0 3 -1 0 0 0.0 0.0 6 -1 0 0 0.0 0.0 9 -1 0 0 0.0 0.0 12 -1 0 0 0.0 0.0 15 -1 0 0 0.0 0.0 18 -1 0 0 0.0 0.0 20 -1 0 0 0.0 0.0 
LegR 0 13 -1 0 0.0 0.0 3 14 -1 0 0.0 0.0 6 14 -1 0 0.0 0.0 9 13 -1 0 0.0 0.0 12 12 -1 0 0.0 0.0 15 11 -1 0 0.0 0.0 18 11 -1 0 0.0 0.0 20 13 -1 0 0.0 0.0 
KneeR 0 -1 0 0 0.0 0.0 3 -1 0 0 0.0 0.0 6 -1 0 0 0.0 0.0 9 -1 0 0 0.0 0.0 12 -1 0 0 0.0 0.0 15 -1 0 0 0.0 0.0 18 -1 0 0 0.0 0.0 20 -1 0 0 0.0 0.0 
LegR2 0 13 -1 0 0.0 0.0 3 14 -1 0 0.0 0.0 6 14 -1 0 0.0 0.0 9 13 -1 0 0.0 0.0 12 12 -1 0 0.0 0.0 15 11 -1 0 0.0 0.0 18 11 -1 0 0.0 0.0 20 13 -1 0 0.0 0.0 
AnkleR 0 -1 0 0 0.0 0.0 
FootR 0 12 -1 0 0.0 0.0 3 12 -1 0 0.0 0.0 6 12 -1 0 0.0 0.0 9 12 -1 0 0.0 0.0 12 12 -1 0 0.0 0.0 15 12 -1 0 0.0 0.0 18 12 -1 0 0.0 0.0 20 12 -1 0 0.0 0.0 
EndLegR 0 -1 0 0 0.0 0.0 
Bone15 0 -1 0 0 0.0 0.0 
Hip2 0 11 0 0 0.0 0.0 3 11 0 0 0.0 0.0 6 11 0 0 0.0 0.0 9 11 0 0 0.0 0.0 12 11 0 0 0.0 0.0 15 11 0 0 0.0 0.0 18 11 0 0 0.0 0.0 20 11 0 0 0.0 0.0 
Bone16 0 -1 0 0 0.0 0.0 3 -1 0 0 0.0 0.0 6 -1 0 0 0.0 0.0 9 -1 0 0 0.0 0.0 12 -1 0 0 0.0 0.0 15 -1 0 0 0.0 0.0 18 -1 0 0 0.0 0.0 20 -1 0 0 0.0 0.0 
Bone17 0 -1 0 0 0.0 0.0 3 -1 0 0 0.0 0.0 6 -1 0 0 0.0 0.0 9 -1 0 0 0.0 0.0 12 -1 0 0 0.0 0.0 15 -1 0 0 0.0 0.0 18 -1 0 0 0.0 0.0 20 -1 0 0 0.0 0.0 
LegL 0 13 1 0 0.0 0.0 3 14 1 0 0.0 0.0 6 14 1 0 0.0 0.0 9 13 1 0 0.0 0.0 12 12 1 0 0.0 0.0 15 11 1 0 0.0 0.0 18 11 1 0 0.0 0.0 20 13 1 0 0.0 0.0 
KneeL 0 -1 0 0 0.0 0.0 3 -1 0 0 0.0 0.0 6 -1 0 0 0.0 0.0 9 -1 0 0 0.0 0.0 12 -1 0 0 0.0 0.0 15 -1 0 0 0.0 0.0 18 -1 0 0 0.0 0.0 20 -1 0 0 0.0 0.0 
LegL2 0 13 1 0 0.0 0.0 3 14 1 0 0.0 0.0 6 14 1 0 0.0 0.0 9 13 1 0 0.0 0.0 12 12 1 0 0.0 0.0 15 11 1 0 0.0 0.0 18 11 1 0 0.0 0.0 20 13 1 0 0.0 0.0 
AnkleL 0 -1 0 0 0.0 0.0 
FootL 0 12 1 0 0.0 0.0 3 12 1 0 0.0 0.0 6 12 1 0 0.0 0.0 9 12 1 0 0.0 0.0 12 12 1 0 0.0 0.0 15 12 1 0 0.0 0.0 18 12 1 0 0.0 0.0 20 12 1 0 0.0 0.0 
EndLegL 0 -1 0 0 0.0 0.0 
