# 0.0 0.0 -1.57 300.8 1 root 0 -1 0 0 0.0 0.0 
## 0.0 0.0 0.0 0.0 2 Bone2 0 -1 0 0 0.0 0.0 
### 0.0 0.0 0.0 -3.0 1 Bone3 0 -1 0 0 0.0 0.0 2 -1 0 0 0.0 0.0 4 -1 0 0 0.0 0.0 6 -1 0 0 0.0 0.0 9 -1 0 0 0.0 0.0 12 -1 0 0 0.0 0.0 15 -1 0 0 0.0 0.0 18 -1 0 0 0.0 0.0 20 -1 0 0 0.0 0.0 
#### 0.0 0.0 -1.57 100.0 1 Abs 0 2 0 0 0.0 0.0 2 2 0 0 0.0 0.0 4 2 0 0 0.0 0.0 6 2 0 0 0.0 0.0 9 2 0 0 0.0 0.0 12 2 0 0 0.0 0.0 15 2 0 0 0.0 0.0 18 2 0 0 0.0 0.0 20 2 0 0 0.0 0.0 
##### 0.0 0.0 -1.57 -10.0 1 Bone4 0 -1 0 0 0.0 0.0 
###### 0.0 0.0 -1.57 70.0 1 Absuber 0 2 0 0 0.0 0.0 2 2 0 0 0.0 0.0 4 2 0 0 0.0 0.0 6 2 0 0 0.0 0.0 9 2 0 0 0.0 0.0 12 2 0 0 0.0 0.0 15 2 0 0 0.0 0.0 18 2 0 0 0.0 0.0 20 2 0 0 0.0 0.0 
####### 0.0 0.0 -1.55 -95.0 1 Bone5 0 -1 0 0 0.0 0.0 
######## 0.0 0.0 -1.57 70.0 1 Chest 0 2 1 0 0.0 0.0 2 2 1 0 0.0 0.0 4 2 1 0 0.0 0.0 6 2 1 0 0.0 0.0 9 2 1 0 0.0 0.0 12 2 1 0 0.0 0.0 15 2 1 0 0.0 0.0 18 2 1 0 0.0 0.0 20 2 1 0 0.0 0.0 
######### 0.0 0.0 1.57 -10.0 3 Bone6 0 -1 0 0 0.0 0.0 
########## 0.0 0.0 -1.57 20.0 1 Neck 0 2 1 0 0.0 0.0 2 2 1 0 0.0 0.0 4 3 1 0 0.0 0.0 6 3 1 0 0.0 0.0 9 3 1 0 0.0 0.0 12 3 1 0 0.0 0.0 15 3 1 0 0.0 0.0 18 3 1 0 0.0 0.0 20 3 1 0 0.0 0.0 
########### 0.0 0.0 -1.57 -10.0 1 Bone7 0 -1 0 0 0.0 0.0 
############ 0.0 0.0 -1.57 50.0 1 Head 0 1 2 0 0.0 0.0 2 14 2 0 0.0 0.0 4 14 2 0 0.0 0.0 6 14 2 0 0.0 0.0 9 14 2 0 0.0 0.0 12 14 2 0 0.0 0.0 15 14 2 0 0.0 0.0 18 14 2 0 0.0 0.0 20 14 2 0 0.0 0.0 
############# 0.0 0.0 0.0 3.0 0 EndHead 0 -1 0 0 0.0 0.0 
########## 0.0 0.0 0.0 -20.0 1 Bone8 0 -1 0 0 0.0 0.0 2 -1 0 0 0.0 0.0 4 -1 0 0 0.0 0.0 6 -1 0 0 0.0 0.0 9 -1 0 0 0.0 0.0 12 -1 0 0 0.0 0.0 15 -1 0 0 0.0 0.0 18 -1 0 0 0.0 0.0 20 -1 0 0 0.0 0.0 
########### 0.0 0.0 0.0 0.0 1 Bone9 0 -1 0 0 0.0 0.0 2 -1 0 0 0.0 0.0 4 -1 0 0 0.0 0.0 6 -1 0 0 0.0 0.0 9 -1 0 0 0.0 0.0 12 -1 0 0 0.0 0.0 15 -1 0 0 0.0 0.0 18 -1 0 0 0.0 0.0 20 -1 0 0 0.0 0.0 
############ 0.0 0.0 1.87 90.0 1 ArmR 0 2 2 0 0.0 0.0 2 2 2 0 0.0 0.0 4 2 2 0 0.0 0.0 6 2 2 0 0.0 0.0 9 2 2 0 0.0 0.0 12 2 2 0 0.0 0.0 15 2 2 0 0.0 0.0 18 2 2 0 0.0 0.0 20 2 2 0 0.0 0.0 
############# 0.0 0.0 0.0 -6.0 1 ElbowR 0 -1 0 0 0.0 0.0 2 -1 0 0 0.0 0.0 4 -1 0 0 0.0 0.0 6 -1 0 0 0.0 0.0 9 -1 0 0 0.0 0.0 12 -1 0 0 0.0 0.0 15 -1 0 0 0.0 0.0 18 -1 0 0 0.0 0.0 20 -1 0 0 0.0 0.0 
############## 0.0 0.0 1.47 80.0 1 ArmR2 0 3 2 0 0.0 0.0 2 3 2 0 0.0 0.0 4 3 2 0 0.0 0.0 6 3 2 0 0.0 0.0 9 3 2 0 0.0 0.0 12 3 2 0 0.0 0.0 15 3 2 0 0.0 0.0 18 3 2 0 0.0 0.0 20 3 2 0 0.0 0.0 
############### 0.0 0.0 0.0 0.0 1 WristR 0 -1 0 0 0.0 0.0 
################ 0.0 0.0 1.57 60.0 1 HandR 0 3 2 0 0.0 0.0 2 3 2 0 0.0 0.0 4 3 2 0 0.0 0.0 6 3 2 0 0.0 0.0 9 3 2 0 0.0 0.0 12 3 2 0 0.0 0.0 15 3 2 0 0.0 0.0 18 3 2 0 0.0 0.0 20 3 2 0 0.0 0.0 
################# 0.0 0.0 0.0 3.0 0 EndArmR 0 -1 0 0 0.0 0.0 
########## 0.0 0.0 0.5 40.8 1 Bone10 0 -1 0 0 0.0 0.0 2 -1 0 0 0.0 0.0 4 -1 0 0 0.0 0.0 6 -1 0 0 0.0 0.0 9 -1 0 0 0.0 0.0 12 -1 0 0 0.0 0.0 15 -1 0 0 0.0 0.0 18 -1 0 0 0.0 0.0 20 -1 0 0 0.0 0.0 
########### 0.0 0.0 0.0 0.0 1 Bone11 0 -1 0 0 0.0 0.0 2 -1 0 0 0.0 0.0 4 -1 0 0 0.0 0.0 6 -1 0 0 0.0 0.0 9 -1 0 0 0.0 0.0 12 -1 0 0 0.0 0.0 15 -1 0 0 0.0 0.0 18 -1 0 0 0.0 0.0 20 -1 0 0 0.0 0.0 
############ 0.0 0.0 1.17 90.0 1 ArmL 0 2 1 0 0.0 0.0 2 2 1 0 0.0 0.0 4 2 1 0 0.0 0.0 6 2 1 0 0.0 0.0 9 2 1 0 0.0 0.0 12 2 1 0 0.0 0.0 15 2 1 0 0.0 0.0 18 2 1 0 0.0 0.0 20 2 1 0 0.0 0.0 
############# 0.0 0.0 0.0 -3.1 1 ElbowL 0 -1 0 0 0.0 0.0 2 -1 0 0 0.0 0.0 4 -1 0 0 0.0 0.0 6 -1 0 0 0.0 0.0 9 -1 0 0 0.0 0.0 12 -1 0 0 0.0 0.0 15 -1 0 0 0.0 0.0 18 -1 0 0 0.0 0.0 20 -1 0 0 0.0 0.0 
############## 0.0 0.0 1.00 70.0 1 ArmL2 0 3 -1 0 0.0 0.0 2 3 -1 0 0.0 0.0 4 3 -1 0 0.0 0.0 6 3 -1 0 0.0 0.0 9 3 -1 0 0.0 0.0 12 3 -1 0 0.0 0.0 15 3 -1 0 0.0 0.0 18 3 -1 0 0.0 0.0 20 3 -1 0 0.0 0.0 
############### 0.0 0.0 0.0 0.0 1 WristL 0 -1 0 0 0.0 0.0 
################ 0.0 0.0 1.17 60.0 1 HandL 0 3 -1 0 0.0 0.0 2 3 -1 0 0.0 0.0 4 3 -1 0 0.0 0.0 6 3 -1 0 0.0 0.0 9 3 -1 0 0.0 0.0 12 3 -1 0 0.0 0.0 15 3 -1 0 0.0 0.0 18 3 -1 0 0.0 0.0 20 3 -1 0 0.0 0.0 
################# 0.0 0.0 0.0 3.0 0 EndArmL 0 -1 0 0 0.0 0.0 
### 0.0 0.0 0.7 10.2 2 Bone12 0 -1 0 0 0.0 0.0 2 -1 0 0 0.0 0.0 4 -1 0 0 0.0 0.0 6 -1 0 0 0.0 0.0 9 -1 0 0 0.0 0.0 12 -1 0 0 0.0 0.0 15 -1 0 0 0.0 0.0 18 -1 0 0 0.0 0.0 20 -1 0 0 0.0 0.0 
#### 0.0 0.0 -2.3 50.0 1 Hip 0 2 0 0 0.0 0.0 2 2 0 0 0.0 0.0 4 2 0 0 0.0 0.0 6 2 0 0 0.0 0.0 9 2 0 0 0.0 0.0 12 2 0 0 0.0 0.0 15 2 0 0 0.0 0.0 18 2 0 0 0.0 0.0 20 2 0 0 0.0 0.0 
##### 0.0 0.0 1.5 38.6 1 Bone13 0 -1 0 0 0.0 0.0 2 -1 0 0 0.0 0.0 4 -1 0 0 0.0 0.0 6 -1 0 0 0.0 0.0 9 -1 0 0 0.0 0.0 12 -1 0 0 0.0 0.0 15 -1 0 0 0.0 0.0 18 -1 0 0 0.0 0.0 20 -1 0 0 0.0 0.0 
###### 0.0 0.0 1.5 10.2 1 Bone14 0 -1 0 0 0.0 0.0 2 -1 0 0 0.0 0.0 4 -1 0 0 0.0 0.0 6 -1 0 0 0.0 0.0 9 -1 0 0 0.0 0.0 12 -1 0 0 0.0 0.0 15 -1 0 0 0.0 0.0 18 -1 0 0 0.0 0.0 20 -1 0 0 0.0 0.0 
####### 0.0 0.0 1.87 120.0 1 LegR 0 2 2 0 0.0 0.0 2 2 2 0 0.0 0.0 4 2 2 0 0.0 0.0 6 2 2 0 0.0 0.0 9 2 2 0 0.0 0.0 12 2 2 0 0.0 0.0 15 2 2 0 0.0 0.0 18 2 2 0 0.0 0.0 20 2 2 0 0.0 0.0 
######## 0.0 0.0 0.0 0.0 1 KneeR 0 -1 0 0 0.0 0.0 2 -1 0 0 0.0 0.0 4 -1 0 0 0.0 0.0 6 -1 0 0 0.0 0.0 9 -1 0 0 0.0 0.0 12 -1 0 0 0.0 0.0 15 -1 0 0 0.0 0.0 18 -1 0 0 0.0 0.0 20 -1 0 0 0.0 0.0 
######### 0.0 0.0 1.87 110.0 1 LegR2 0 0 0 0 0.0 0.0 2 0 0 0 0.0 0.0 4 0 0 0 0.0 0.0 6 0 0 0 0.0 0.0 9 0 0 0 0.0 0.0 12 0 0 0 0.0 0.0 15 0 0 0 0.0 0.0 18 0 0 0 0.0 0.0 20 0 0 0 0.0 0.0 
########## 0.0 0.0 0.0 -1.6 1 AnkleR 0 -1 0 0 0.0 0.0 
########### 0.0 0.0 0.0 50.0 1 FootR 0 0 2 0 0.0 0.0 2 0 2 0 0.0 0.0 4 0 2 0 0.0 0.0 6 0 2 0 0.0 0.0 9 0 2 0 0.0 0.0 12 0 2 0 0.0 0.0 15 0 2 0 0.0 0.0 18 0 2 0 0.0 0.0 20 0 2 0 0.0 0.0 
############ 0.0 0.0 0.0 3.0 0 EndLegR 0 -1 0 0 0.0 0.0 
#### 0.0 0.0 1.3 -40.0 1 Bone15 0 -1 0 0 0.0 0.0 
##### 0.0 0.0 1.67 60.0 1 Hip2 0 3 1 0 0.0 0.0 2 3 1 0 0.0 0.0 4 3 1 0 0.0 0.0 6 3 1 0 0.0 0.0 9 3 1 0 0.0 0.0 12 3 1 0 0.0 0.0 15 3 1 0 0.0 0.0 18 3 1 0 0.0 0.0 20 3 1 0 0.0 0.0 
###### 0.0 0.0 -0.5 25.2 1 Bone16 0 -1 0 0 0.0 0.0 2 -1 0 0 0.0 0.0 4 0 -1 0 0.0 0.0 6 -1 0 0 0.0 0.0 9 -1 0 0 0.0 0.0 12 -1 0 0 0.0 0.0 15 -1 0 0 0.0 0.0 18 -1 0 0 0.0 0.0 20 -1 0 0 0.0 0.0 
####### 0.0 0.0 2.6 -0.6 1 Bone17 0 -1 0 0 0.0 0.0 2 -1 0 0 0.0 0.0 4 -1 0 0 0.0 0.0 6 -1 0 0 0.0 0.0 9 -1 0 0 0.0 0.0 12 -1 0 0 0.0 0.0 15 -1 0 0 0.0 0.0 18 -1 0 0 0.0 0.0 20 -1 0 0 0.0 0.0 
######## 0.0 0.0 1.17 120.0 1 LegL 0 2 0 0 0.0 0.0 2 2 0 0 0.0 0.0 4 2 0 0 0.0 0.0 6 2 0 0 0.0 0.0 9 2 0 0 0.0 0.0 12 2 0 0 0.0 0.0 15 2 0 0 0.0 0.0 18 2 0 0 0.0 0.0 20 2 0 0 0.0 0.0 
######### 0.0 0.0 0.0 -8.0 1 KneeL 0 -1 0 0 0.0 0.0 2 -1 0 0 0.0 0.0 4 -1 0 0 0.0 0.0 6 -1 0 0 0.0 0.0 9 -1 0 0 0.0 0.0 12 -1 0 0 0.0 0.0 15 -1 0 0 0.0 0.0 18 -1 0 0 0.0 0.0 20 -1 0 0 0.0 0.0 
########## 0.0 0.0 1.17 110.0 1 LegL2 0 2 0 0 0.0 0.0 2 2 0 0 0.0 0.0 4 2 0 0 0.0 0.0 6 2 0 0 0.0 0.0 9 2 0 0 0.0 0.0 12 2 0 0 0.0 0.0 15 2 0 0 0.0 0.0 18 2 0 0 0.0 0.0 20 2 0 0 0.0 0.0 
########### 0.0 0.0 0.2 -10.0 1 AnkleL 0 -1 0 0 0.0 0.0 
############ 0.0 0.0 0.0 50.0 6 FootL 0 1 0 0 0.0 0.0 2 1 0 0 0.0 0.0 4 1 0 0 0.0 0.0 6 1 0 0 0.0 0.0 9 1 0 0 0.0 0.0 12 1 0 0 0.0 0.0 15 1 0 0 0.0 0.0 18 1 0 0 0.0 0.0 20 1 0 0 0.0 0.0 
############# 0.0 0.0 0.0 3.0 0 EndLegL 0 -1 0 0 0.0 0.0 
