root 0 -1 0 0 0.0 0.0 
Bone2 0 -1 0 0 0.0 0.0 
Bone3 0 -1 0 0 0.0 0.0 
Abs 0 0 -1 0 0.0 0.0 
Bone4 0 -1 0 0 0.0 0.0 
Absuber 0 0 1 0 0.0 0.0 
Bone5 0 -1 0 0 0.0 0.0 
Chest 0 0 2 0 0.0 0.0 
Bone6 0 -1 0 0 0.0 0.0 
Neck 0 0 2 0 0.0 0.0 
Bone7 0 -1 0 0 0.0 0.0 
Head 0 0 2 0 0.0 0.0 
EndHead 0 -1 0 0 0.0 0.0 
Bone8 0 -1 0 0 0.0 0.0 
ArmR 0 0 2 0 0.0 0.0 
ElbowR 0 -1 0 0 0.0 0.0 
ArmR2 0 0 -1 0 0.0 0.0 
WristR 0 -1 0 0 0.0 0.0 
HandR 0 0 -1 0 0.0 0.0 
EndArmR 0 -1 0 0 0.0 0.0 
Bone10 0 -1 0 0 0.0 0.0 
ArmL 0 0 2 0 0.0 0.0 
ElbowL 0 -1 0 0 0.0 0.0 
ArmL2 0 0 2 0 0.0 0.0 
WristL 0 -1 0 0 0.0 0.0 
HandL 0 0 2 0 0.0 0.0 
EndArmL 0 -1 0 0 0.0 0.0 
Bone12 0 -1 0 0 0.0 0.0 
Hip 0 15 1 0 0.0 0.0 
Bone13 0 -1 0 0 0.0 0.0 
Bone14 0 -1 0 0 0.0 0.0 
LegR 0 0 2 0 0.0 0.0 
KneeR 0 -1 0 0 0.0 0.0 
LegR2 0 0 2 0 0.0 0.0 
AnkleR 0 -1 0 0 0.0 0.0 
FootR 0 3 2 0 0.0 0.0 
EndLegR 0 -1 0 0 0.0 0.0 
Bone15 0 -1 0 0 0.0 0.0 
Hip2 0 0 1 0 0.0 0.0 
Hip2End 0 -1 0 0 0.0 0.0 
Bone16 0 -1 0 0 0.0 0.0 
Bone17 0 -1 0 0 0.0 0.0 
LegL 0 0 2 0 0.0 0.0 
KneeL 0 -1 0 0 0.0 0.0 
LegL2 0 0 2 0 0.0 0.0 
AnkleL 0 -1 0 0 0.0 0.0 
FootL 0 3 2 0 0.0 0.0 
EndLegL 0 -1 0 0 0.0 0.0 
