# 0.0 0.0 -1.57 300.8 1 root 
## 0.0 0.0 0.0 0.0 2 Bone2 
### 0.0 0.0 0.0 -3.0 1 Bone3 
#### 0.0 0.0 -1.57 64.0 1 Belt 
##### 0.0 0.0 -1.57 -10.0 1 Bone4 
###### 0.0 0.0 -1.57 65.0 1 Core 
####### 0.0 0.0 -3.55 5.0 7 Bone5 
######## 0.0 0.0 -1.57 35.0 1 Neck 
######### 0.0 0.0 3.37 -10.0 2 Bone6 
########## 0.0 0.0 -1.57 15.0 1 Head 
########### 0.0 0.0 1.57 10.0 1 Bone7 
############ 0.0 0.0 -1.57 23.0 1 Hair 
############# 0.0 0.0 -1.57 -10.0 1 BoneA
########## 0.0 0.0 -1.57 33.0 1 Face 
########### 0.0 0.0 0.0 3.0 0 EndFace 
########## 0.0 0.0 0.80 15.0 1 BoneB
########### 0.0 0.0 -1.57 33.0 1 Mouth
############# 0.0 0.0 0.0 3.0 0 EndMouth
########## 0.0 0.0 -0.72 12.0 1 BoneC
########### 0.0 0.0 -1.57 33.0 1 Eyes
############ 0.0 0.0 0.0 3.0 0 EndHead 
######## 0.0 0.0 -0.2 -62.0 1 Bone8
######### 0.0 0.0 1.87 2.0 1 ShldrR
########## 0.0 0.0 1.57 71.0 1 ArmR 
########### 0.0 0.0 3.7 19.0 1 ElbowR 
############ 0.0 0.0 1.32 77.0 1 ArmR2 
############# 0.0 0.0 -1.0 13.0 1 WristR 
############## 0.0 0.0 1.37 27.0 1 HandR 
############### 0.0 0.0 0.0 3.0 0 EndArmR 
######## 0.0 0.0 0.25 52.0 1 Bone10 
######### 0.0 0.0 1.87 4.0 1 ShldrL
########## 0.0 0.0 1.52 79.0 1 ArmL 
########### 0.0 0.0 -1.25 42.0 1 ElbowL 
############ 0.0 0.0 1.82 80.0 1 ArmL2 
############# 0.0 0.0 0.8 21.0 1 WristL 
############## 0.0 0.0 1.57 28.0 1 HandL 
############### 0.0 0.0 0.0 3.0 0 EndArmL 
######## 0.0 0.0 -3.12 60.0 1 BoneD
######### 0.0 0.0 -1.57 1.0 1 PauldrR
########## 0.0 0.0 0.0 0.0 0 EndPauldrR
######## 0.0 0.0 0.1 42.0 1 BoneF
######### 0.0 0.0 -1.57 1.0 1 PauldrL
########## 0.0 0.0 0.0 0.0 0 EndPauldrL
### 0.0 0.0 -1.57 -45.0 3 Bone12
#### 0.0 0.0 -1.57 50.0 1 Hip 
##### 0.0 0.0 -0.4 -25.0 5 Bone13 
###### 0.0 0.0 1.5 5.2 1 Bone14 
####### 0.0 0.0 1.67 110.0 1 LegR 
######## 0.0 0.0 4.2 27.0 1 KneeR 
######### 0.0 0.0 1.67 110.0 1 LegR2 
########## 0.0 0.0 2.1 7.4 1 AnkleR 
########### 0.0 0.0 -1.57 50.0 1 FootR 
############ 0.0 0.0 0.0 3.0 0 EndLegR 
##### 0.0 0.0 0.3 21.0 1 Bone16 
###### 0.0 0.0 1.5 5.2 1 Bone17 
####### 0.0 0.0 1.37 120.0 1 LegL 
######## 0.0 0.0 -1.75 29.0 1 KneeL 
######### 0.0 0.0 1.47 110.0 1 LegL2 
########## 0.0 0.0 0.7 10.0 1 AnkleL 
########### 0.0 0.0 -1.57 50.0 1 FootL 
############ 0.0 0.0 -1.57 3.0 0 EndLegL 
#### 0.0 0.0 -1.47 89.0 1 Bone15 
##### 0.0 0.0 1.6 60.0 1 Hip2 
###### 0.0 0.0 0.0 3.0 0 Hip2End 
#### 0.0 0.0 -1.37 39.0 1 Bone18
##### 0.0 0.0 1.6 60.0 1 Hip3 
###### 0.0 0.0 0.0 3.0 0 Hip3End 
#### 0.0 0.0 -1.67 63.0 1 Bone19
##### 0.0 0.0 1.6 60.0 1 Gold1 
###### 0.0 0.0 0.0 3.0 0 EndGold1 
#### 0.0 0.0 -1.17 69.0 1 Bone20
##### 0.0 0.0 1.6 60.0 1 Gold2 
###### 0.0 0.0 0.0 3.0 0 EndGold2
