root 0 -1 0 0 0.000 0.0 6 -1 0 0 -0.010 -0.8 12 -1 0 0 -0.020 -1.2 18 -1 0 0 -0.010 -0.8 24 -1 0 0 0.000 0.0 30 -1 0 0 0.005 -0.3 36 -1 0 0 0.010 -0.6 42 -1 0 0 0.015 -0.9 48 -1 0 0 0.020 -1.2 54 -1 0 0 0.015 -0.9 60 -1 0 0 0.010 -0.6 66 -1 0 0 0.005 -0.3 72 -1 0 0 0.000 0.0
Bone2 0 -1 0 0 0.00 0.0
Bone3 0 -1 0 0 0.00 0.0
Belt 0 2 3 0 0.000 0.0 6 2 3 0 0.010 0.8 12 2 3 0 0.020 1.2 18 2 3 0 0.010 0.8 24 2 3 0 0.000 0.0 30 2 3 0 -0.005 0.3 36 2 3 0 -0.010 0.6 42 2 3 0 -0.015 0.9 48 2 3 0 -0.020 1.2 54 2 3 0 -0.015 0.9 60 2 3 0 -0.010 0.6 66 2 3 0 -0.005 0.3 72 2 3 0 0.000 0.0
Bone4 0 -1 0 0 0.00 0.0
Core 0 0 0 4 0.00 0.0 6 0 0 4 -0.010 -0.8 12 0 0 4 -0.020 -1.2 18 0 0 4 -0.010 -0.8 24 0 0 4 0.000 0.0 30 0 0 4 0.005 -0.3 36 0 0 4 0.010 -0.6 42 0 0 4 0.015 -0.9 48 0 0 4 0.020 -1.2 54 0 0 4 0.015 -0.9 60 0 0 4 0.010 -0.6 66 0 0 4 0.005 -0.3 72 0 0 4 0.000 0.0
Bone5 0 -1 0 0 0.00 0.0
Neck 0 0 -1 0 0.000 0.0 6 0 -1 0 -0.005 0.2 12 0 -1 0 -0.010 0.4 18 0 -1 0 -0.005 0.2 24 0 -1 0 0.000 0.0 30 0 -1 0 0.003 -0.1 36 0 -1 0 0.006 -0.2 42 0 -1 0 0.009 -0.3 48 0 -1 0 0.012 -0.4 54 0 -1 0 0.009 -0.3 60 0 -1 0 0.006 -0.2 66 0 -1 0 0.003 -0.1 72 0 -1 0 0.000 0.0
Bone6 0 -1 0 0 0.00 0.0
Head 0 0 0 0 0.00 0.0 6 0 0 0 -0.005 0.1 12 0 0 0 -0.008 0.15 18 0 0 0 -0.005 0.1 24 0 0 0 0.000 0.0 30 0 0 0 0.003 0.1 36 0 0 0 0.005 0.15 42 0 0 0 0.003 0.1 48 0 0 0 0.000 0.0 54 0 0 0 -0.002 0.1 60 0 0 0 -0.004 0.1 66 0 0 0 -0.002 0.1 72 0 0 0 0.000 0.0
Bone7 0 -1 0 0 0.00 0.0
Hair 0 0 2 6 0.00 0.0 6 0 2 6 0.00 0.0 12 0 2 6 0.00 0.0 18 0 2 6 0.00 0.0 24 0 2 6 0.00 0.0 30 0 2 6 0.00 0.0 36 0 2 6 0.00 0.0 42 0 2 6 0.00 0.0 48 0 2 6 0.00 0.0 54 0 2 6 0.00 0.0 60 0 2 6 0.00 0.0
BoneA 0 -1 0 0 0.00 0.0
Face 0 0 0 0 0.00 0.0 6 0 0 0 0.00 0.0 12 0 0 0 0.00 0.0 18 0 0 0 0.00 0.0 24 0 0 0 0.00 0.0 30 0 0 0 0.00 0.0 36 0 0 0 0.00 0.0 42 0 0 0 0.00 0.0 48 0 0 0 0.00 0.0 54 0 0 0 0.00 0.0 60 0 0 0 0.00 0.0 66 0 0 0 0.00 0.0 72 0 0 0 0.00 0.0
EndFace 0 -1 0 0 0.00 0.0
BoneB 0 -1 0 0 0.00 0.0
Mouth 0 4 0 0 0.00 0.0 6 4 0 0 0.00 0.0 12 4 0 0 0.00 0.0 18 4 0 0 0.00 0.0 24 4 0 0 0.00 0.0 30 4 0 0 0.00 0.0 36 4 0 0 0.00 0.0 42 4 0 0 0.00 0.0 48 4 0 0 0.00 0.0 54 4 0 0 0.00 0.0 60 4 0 0 0.00 0.0
EndMouth 0 -1 0 0 0.00 0.0
BoneC 0 -1 0 0 0.00 0.0
Eyes 0 0 0 0 0.00 0.0 6 0 0 0 0.00 0.0 12 0 0 0 0.00 0.0 18 0 0 0 0.00 0.0 24 0 0 0 0.00 0.0 30 0 0 0 0.00 0.0 36 0 0 0 0.00 0.0 42 0 0 0 0.00 0.0 48 0 0 0 0.00 0.0 54 0 0 0 0.00 0.0 60 0 0 0 0.00 0.0 66 0 0 0 0.00 0.0 72 0 0 0 0.00 0.0
EndHead 0 -1 0 0 0.00 0.0
Bone8 0 -1 0 0 0.00 0.0 6 -1 0 0 0.00 0.0 12 -1 0 0 0.00 0.0 18 -1 0 0 0.00 0.0 24 -1 0 0 0.00 0.0 30 -1 0 0 0.00 0.0 36 -1 0 0 0.00 0.0 42 -1 0 0 0.00 0.0 48 -1 0 0 0.00 0.0 54 -1 0 0 0.00 0.0 60 -1 0 0 0.00 0.0 66 -1 0 0 0.00 0.0 72 -1 0 0 0.00 0.0
ShldrR 0 4 2 3 0.00 0.0 6 4 2 3 0.00 0.0 12 4 2 3 0.00 0.0 18 4 2 3 0.00 0.0 24 4 2 3 0.00 0.0 30 4 2 3 0.00 0.0 36 4 2 3 0.00 0.0 42 4 2 3 0.00 0.0 48 4 2 3 0.00 0.0 54 4 2 3 0.00 0.0 60 4 2 3 0.00 0.0 66 4 2 3 0.00 0.0 72 4 2 3 0.00 0.0
ArmR 0 5 1 3 0.000 0.00 6 5 1 3 -0.040 -0.04 12 5 1 3 -0.070 -0.07 18 5 1 3 -0.040 -0.04 24 5 1 3 0.000 0.00 30 5 1 3 0.020 0.02 36 5 1 3 0.040 0.04 42 5 1 3 0.060 0.06 48 5 1 3 0.040 0.04 54 5 1 3 0.020 0.02 60 5 1 3 -0.010 -0.01 66 5 1 3 -0.020 -0.02 72 5 1 3 0.000 0.00
ElbowR 0 -1 0 0 0.000 0.00 6 -1 0 0 -0.025 -0.03 12 -1 0 0 -0.050 -0.06 18 -1 0 0 -0.025 -0.03 24 -1 0 0 0.000 0.00 30 -1 0 0 0.012 0.02 36 -1 0 0 0.025 0.04 42 -1 0 0 0.037 0.06 48 -1 0 0 0.050 0.08 54 -1 0 0 0.037 0.06 60 -1 0 0 0.025 0.04 66 -1 0 0 0.012 0.02 72 -1 0 0 0.000 0.00
ArmR2 0 6 4 3 0.000 0.00 6 6 4 3 -0.025 -0.03 12 6 4 3 -0.050 -0.06 18 6 4 3 -0.025 -0.03 24 6 4 3 0.000 0.00 30 6 4 3 0.012 0.02 36 6 4 3 0.025 0.04 42 6 4 3 0.037 0.06 48 6 4 3 0.050 0.08 54 6 4 3 0.037 0.06 60 6 4 3 0.025 0.04 66 6 4 3 0.012 0.02 72 6 4 3 0.000 0.00
HandR 0 7 4 3 0.000 0.00 6 7 4 3 -0.020 -0.02 12 7 4 3 -0.040 -0.04 18 7 4 3 -0.020 -0.02 24 7 4 3 0.000 0.00 30 7 4 3 0.010 0.01 36 7 4 3 0.020 0.02 42 7 4 3 0.030 0.03 48 7 4 3 0.040 0.04 54 7 4 3 0.030 0.03 60 7 4 3 0.020 0.02 66 7 4 3 0.010 0.01 72 7 4 3 0.000 0.00
ArmR2 0 6 4 3 0.000 0.00 6 6 4 3 -0.015 -0.02 12 6 4 3 -0.035 -0.04 18 6 4 3 -0.050 -0.06 24 6 4 3 -0.035 -0.04 30 6 4 3 -0.015 -0.02 36 6 4 3 0.000 0.00 42 6 4 3 0.020 0.03 48 6 4 3 0.040 0.05 54 6 4 3 0.020 0.03 60 6 4 3 0.000 0.00 66 6 4 3 -0.010 -0.01 72 6 4 3 0.000 0.00
WristR 0 -1 0 0 0.000 0.0 6 -1 0 0 0.000 0.0 12 -1 0 0 0.000 0.0 18 -1 0 0 0.000 0.0 24 -1 0 0 0.000 0.0 30 -1 0 0 0.000 0.0 36 -1 0 0 0.000 0.0 42 -1 0 0 0.000 0.0 48 -1 0 0 0.000 0.0 54 -1 0 0 0.000 0.0 60 -1 0 0 0.000 0.0 66 -1 0 0 0.000 0.0 72 -1 0 0 0.000 0.0
HandR 0 7 4 3 0.000 0.0 6 7 4 3 0.004 0.10 12 7 4 3 0.008 0.20 18 7 4 3 0.012 0.30 24 7 4 3 0.016 0.40 30 7 4 3 0.012 0.30 36 7 4 3 0.008 0.20 42 7 4 3 0.004 0.10 48 7 4 3 0.000 0.0 54 7 4 3 -0.004 -0.10 60 7 4 3 -0.008 -0.20 66 7 4 3 -0.004 -0.10 72 7 4 3 0.000 0.0
EndArmR 0 -1 0 0 0.00 0.0
Bone10 0 -1 0 0 0.00 0.0 6 -1 0 0 0.00 0.0 12 -1 0 0 0.00 0.0 18 -1 0 0 0.00 0.0 24 -1 0 0 0.00 0.0 30 -1 0 0 0.00 0.0 36 -1 0 0 0.00 0.0 42 -1 0 0 0.00 0.0 48 -1 0 0 0.00 0.0 54 -1 0 0 0.00 0.0 60 -1 0 0 0.00 0.0 66 -1 0 0 0.00 0.0 72 -1 0 0 0.00 0.0
ShldrL 0 0 0 3 0.00 0.0 6 0 0 3 0.00 0.0 12 0 0 3 0.00 0.0 18 0 0 3 0.00 0.0 24 0 0 3 0.00 0.0 30 0 0 3 0.00 0.0 36 0 0 3 0.00 0.0 42 0 0 3 0.00 0.0 48 0 0 3 0.00 0.0 54 0 0 3 0.00 0.0 60 0 0 3 0.00 0.0 66 0 0 3 0.00 0.0 72 0 0 3 0.00 0.0
ArmL 0 1 2 3 0.000 0.00 6 1 2 3 0.042 0.042 12 1 2 3 0.075 0.075 18 1 2 3 0.042 0.042 24 1 2 3 0.000 0.00 30 1 2 3 -0.022 -0.022 36 1 2 3 -0.045 -0.045 42 1 2 3 -0.065 -0.065 48 1 2 3 -0.045 -0.045 54 1 2 3 -0.022 -0.022 60 1 2 3 0.008 0.008 66 1 2 3 0.015 0.015 72 1 2 3 0.000 0.00
ElbowL 0 1 0 0 0.000 0.00 6 1 0 0 0.025 0.03 12 1 0 0 0.050 0.06 18 1 0 0 0.025 0.03 24 1 0 0 0.000 0.00 30 1 0 0 -0.012 -0.02 36 1 0 0 -0.025 -0.04 42 1 0 0 -0.037 -0.06 48 1 0 0 -0.050 -0.08 54 1 0 0 -0.037 -0.06 60 1 0 0 -0.025 -0.04 66 1 0 0 -0.012 -0.02 72 1 0 0 0.000 0.00
ArmL2 0 2 2 3 0.000 0.00 6 2 2 3 0.025 0.03 12 2 2 3 0.050 0.06 18 2 2 3 0.025 0.03 24 2 2 3 0.000 0.00 30 2 2 3 -0.012 -0.02 36 2 2 3 -0.025 -0.04 42 2 2 3 -0.037 -0.06 48 2 2 3 -0.050 -0.08 54 2 2 3 -0.037 -0.06 60 2 2 3 -0.025 -0.04 66 2 2 3 -0.012 -0.02 72 2 2 3 0.000 0.00
WristL 0 -1 0 0 0.000 0.0 6 -1 0 0 0.000 0.0 12 -1 0 0 0.000 0.0 18 -1 0 0 0.000 0.0 24 -1 0 0 0.000 0.0 30 -1 0 0 0.000 0.0 36 -1 0 0 0.000 0.0 42 -1 0 0 0.000 0.0 48 -1 0 0 0.000 0.0 54 -1 0 0 0.000 0.0 60 -1 0 0 0.000 0.0 66 -1 0 0 0.000 0.0 72 -1 0 0 0.000 0.0
HandL 0 -1 2 3 0.000 0.00 6 -1 2 3 0.004 0.10 12 -1 2 3 0.008 0.20 18 -1 2 3 0.012 0.30 24 -1 2 3 0.016 0.40 30 -1 2 3 0.012 0.30 36 -1 2 3 0.008 0.20 42 -1 2 3 0.004 0.10 48 -1 2 3 0.000 0.00 54 -1 2 3 -0.004 -0.10 60 -1 2 3 -0.008 -0.20 66 -1 2 3 -0.004 -0.10 72 -1 2 3 0.000 0.00
EndArmL 0 -1 0 0 0.00 0.0
HandL 0 -1 2 3 0.000 0.00 6 -1 2 3 -0.004 -0.10 12 -1 2 3 -0.008 -0.20 18 -1 2 3 -0.012 -0.30 24 -1 2 3 -0.016 -0.40 30 -1 2 3 -0.012 -0.30 36 -1 2 3 -0.008 -0.20 42 -1 2 3 -0.004 -0.10 48 -1 2 3 0.000 0.00 54 -1 2 3 0.004 0.10 60 -1 2 3 0.008 0.20 66 -1 2 3 0.004 0.10 72 -1 2 3 0.000 0.00
EndArmL 0 -1 0 0 0.00 0.0
BoneD 0 -1 0 0 0.00 0.0
PauldrR 0 1 2 0 0.00 0.0 6 1 2 0 0.00 0.0 12 1 2 0 0.00 0.0 18 1 2 0 0.00 0.0 24 1 2 0 0.00 0.0 30 1 2 0 0.00 0.0 36 1 2 0 0.00 0.0 42 1 2 0 0.00 0.0 48 1 2 0 0.00 0.0 54 1 2 0 0.00 0.0 60 1 2 0 0.00 0.0 66 1 2 0 0.00 0.0 72 1 2 0 0.00 0.0
EndPauldrR 0 -1 0 0 0.00 0.0
BoneF 0 -1 0 0 0.00 0.0
PauldrL 0 0 2 0 0.00 0.0 6 0 2 0 0.00 0.0 12 0 2 0 0.00 0.0 18 0 2 0 0.00 0.0 24 0 2 0 0.00 0.0 30 0 2 0 0.00 0.0 36 0 2 0 0.00 0.0 42 0 2 0 0.00 0.0 48 0 2 0 0.00 0.0 54 0 2 0 0.00 0.0 60 0 2 0 0.00 0.0 66 0 2 0 0.00 0.0 72 0 2 0 0.00 0.0
EndPauldrL 0 -1 0 0 0.00 0.0
Bone12 0 -1 0 0 0.00 0.0
Hip 0 0 1 0 0.00 0.0 6 0 1 0 -0.02 0.0 12 0 1 0 -0.03 0.0 18 0 1 0 -0.02 0.0 24 0 1 0 0.00 0.0 30 0 1 0 -0.005 0.1 36 0 1 0 -0.015 0.2 42 0 1 0 -0.03 0.3 48 0 1 0 -0.03 0.3 54 0 1 0 -0.025 0.2 60 0 1 0 -0.015 0.1 66 0 1 0 -0.005 0.0 72 0 1 0 0.00 0.0
Bone13 0 -1 0 0 0.00 0.0 6 -1 0 0 0.00 0.0 12 -1 0 0 0.00 0.0 18 -1 0 0 0.00 0.0 24 -1 0 0 0.00 0.0 30 -1 0 0 0.00 0.0 36 -1 0 0 0.00 0.0 42 -1 0 0 0.00 0.0 48 -1 0 0 0.00 0.0 54 -1 0 0 0.00 0.0 60 -1 0 0 0.00 0.0 66 -1 0 0 0.00 0.0 72 -1 0 0 0.00 0.0
Bone14 0 -1 0 0 0.00 0.0 6 -1 0 0 -0.5 0.8 12 -1 0 0 -0.9 2.5 18 -1 0 0 -0.5 0.8 24 -1 0 0 0.00 0.0 30 -1 0 0 0.3 0.5 36 -1 0 0 0.6 1.0 42 -1 0 0 0.8 1.5 48 -1 0 0 1.1 2.0 54 -1 0 0 0.8 1.5 60 -1 0 0 0.6 1.0 66 -1 0 0 0.3 0.5 72 -1 0 0 0.00 0.0
LegR 0 0 0 3 0.00 0.0 6 0 0 3 0.005 0.06 12 0 0 3 0.010 0.12 18 0 0 3 0.005 0.06 24 0 0 3 -0.002 -0.03 30 0 0 3 -0.006 -0.08 36 0 0 3 -0.011 -0.14 42 0 0 3 -0.006 -0.08 48 0 0 3 0.003 0.05 54 0 0 3 0.008 0.10 60 0 0 3 0.003 0.05 66 0 0 3 -0.001 -0.02 72 0 0 3 0.00 0.0
KneeR 0 -1 0 0 0.00 0.0 9 -1 0 0 0.00 0.0 18 -1 0 0 0.00 0.0 27 -1 0 0 0.00 0.0 36 -1 0 0 0.00 0.0 45 -1 0 0 0.00 0.0 54 -1 0 0 0.00 0.0 60 -1 0 0 0.00 0.0
LegR2 0 1 2 3 0.00 0.0 6 1 2 3 -0.004 -0.04 12 1 2 3 -0.008 -0.10 18 1 2 3 -0.004 -0.04 24 1 2 3 0.001 0.02 30 1 2 3 0.004 0.06 36 1 2 3 0.008 0.11 42 1 2 3 0.004 0.06 48 1 2 3 -0.003 -0.04 54 1 2 3 -0.006 -0.08 60 1 2 3 -0.003 -0.04 66 1 2 3 0.001 0.02 72 1 2 3 0.00 0.0
AnkleR 0 -1 0 0 0.00 0.0
FootR 0 0 2 0 0.00 0.0 6 0 2 0 0.00 0.0 12 0 2 0 0.00 0.0 18 0 2 0 0.00 0.0 24 0 2 0 0.00 0.0 30 0 2 0 0.00 0.0 36 0 2 0 0.00 0.0 42 0 2 0 0.00 0.0 48 0 2 0 0.00 0.0 54 0 2 0 0.00 0.0 60 0 2 0 0.00 0.0 66 0 2 0 0.00 0.0 72 0 2 0 0.00 0.0
EndLegR 0 -1 0 0 0.00 0.0
Bone16 0 -1 0 0 0.00 0.0 6 -1 0 0 0.00 0.0 12 -1 0 0 0.00 0.0 18 -1 0 0 0.00 0.0 24 -1 0 0 0.00 0.0 30 -1 0 0 0.00 0.0 36 -1 0 0 0.00 0.0 42 -1 0 0 0.00 0.0 48 -1 0 0 0.00 0.0 54 -1 0 0 0.00 0.0 60 -1 0 0 0.00 0.0 66 -1 0 0 0.00 0.0 72 -1 0 0 0.00 0.0
Bone17 0 -1 0 0 0.000 0.0 6 -1 0 0 -0.474 1.35 12 -1 0 0 -0.947 2.70 18 -1 0 0 -0.474 1.35 24 -1 0 0 0.000 0.0 30 -1 0 0 0.237 0.675 36 -1 0 0 0.474 1.350 42 -1 0 0 0.710 2.025 48 -1 0 0 0.947 2.700 54 -1 0 0 0.710 2.025 60 -1 0 0 0.474 1.350 66 -1 0 0 0.237 0.675 72 -1 0 0 0.000 0.0
LegL 0 2 0 3 0.00 0.0 6 2 0 3 -0.006 -0.08 12 2 0 3 -0.011 -0.12 18 2 0 3 -0.006 -0.08 24 2 0 3 0.002 0.04 30 2 0 3 0.007 0.09 36 2 0 3 0.012 0.14 42 2 0 3 0.007 0.09 48 2 0 3 -0.004 -0.06 54 2 0 3 -0.009 -0.11 60 2 0 3 -0.004 -0.06 66 2 0 3 0.001 0.02 72 2 0 3 0.00 0.0
KneeL 0 -1 0 0 0.00 0.0 9 -1 0 0 0.00 0.0 18 -1 0 0 0.00 0.0 27 -1 0 0 0.00 0.0 36 -1 0 0 0.00 0.0 45 -1 0 0 0.00 0.0 54 -1 0 0 0.00 0.0 60 -1 0 0 0.00 0.0
LegL2 0 3 -1 3 0.00 0.0 6 3 -1 3 0.004 0.05 12 3 -1 3 0.008 0.10 18 3 -1 3 0.004 0.05 24 3 -1 3 -0.002 -0.03 30 3 -1 3 -0.005 -0.08 36 3 -1 3 -0.009 -0.12 42 3 -1 3 -0.005 -0.08 48 3 -1 3 0.002 0.04 54 3 -1 3 0.006 0.09 60 3 -1 3 0.002 0.04 66 3 -1 3 -0.001 -0.02 72 3 -1 3 0.00 0.0
AnkleL 0 -1 0 0 0.00 0.0
FootL 0 1 2 0 0.00 0.0 6 1 2 0 0.00 0.0 12 1 2 0 0.00 0.0 18 1 2 0 0.00 0.0 24 1 2 0 0.00 0.0 30 1 2 0 0.00 0.0 36 1 2 0 0.00 0.0 42 1 2 0 0.00 0.0 48 1 2 0 0.00 0.0 54 1 2 0 0.00 0.0 60 1 2 0 0.00 0.0 66 1 2 0 0.00 0.0 72 1 2 0 0.00 0.0
EndLegL 0 -1 0 0 0.00 0.0
Bone15 0 -1 0 0 0.00 0.0
Hip2 0 2 2 3 0.00 0.0 6 2 2 3 -0.008 0.08 12 2 2 3 -0.015 0.15 18 2 2 3 -0.008 0.08 24 2 2 3 0.000 0.0 30 2 2 3 0.010 0.10 36 2 2 3 0.018 0.18 42 2 2 3 0.010 0.10 48 2 2 3 0.005 0.05 54 2 2 3 -0.003 0.03 60 2 2 3 -0.008 0.08 66 2 2 3 -0.003 0.03 72 2 2 3 0.000 0.0
Hip2End 0 -1 0 0 0.00 0.0
Bone18 0 -1 0 0 0.00 0.0
Hip3 0 1 -2 3 0.00 0.0 6 1 -2 3 0.00 0.0 12 1 -2 3 0.00 0.0 18 1 -2 3 0.00 0.0 24 1 -2 3 0.00 0.0 30 1 -2 3 0.00 0.0 36 1 -2 3 0.00 0.0 42 1 -2 3 0.00 0.0 48 1 -2 3 0.00 0.0 54 1 -2 3 0.00 0.0 60 1 -2 3 0.00 0.0 66 1 -2 3 0.00 0.0 72 1 -2 3 0.00 0.0
Hip3End 0 -1 0 0 0.00 0.0
Bone19 0 -1 0 0 0.00 0.0
Gold1 0 3 1 3 0.00 0.0 3 3 1 3 -0.02 0.2 9 3 1 3 -0.04 0.3 15 3 1 3 -0.06 0.4 21 3 1 3 -0.04 0.3 27 3 1 3 -0.01 0.1 33 3 1 3 0.03 0.2 39 3 1 3 0.06 0.4 45 3 1 3 0.04 0.3 51 3 1 3 0.01 0.1 57 3 1 3 -0.02 0.2 63 3 1 3 -0.04 0.3 69 3 1 3 -0.02 0.1 72 3 1 3 0.00 0.0
EndGold1 0 -1 0 0 0.00 0.0
Bone20 0 -1 0 0 0.00 0.0
Gold2 0 4 1 3 0.00 0.0 9 4 1 3 -0.02 0.2 15 4 1 3 -0.05 0.3 21 4 1 3 -0.03 0.2 27 4 1 3 0.01 0.1 33 4 1 3 0.03 0.2 39 4 1 3 0.06 0.4 45 4 1 3 0.04 0.2 51 4 1 3 0.01 0.1 57 4 1 3 -0.01 0.0 63 4 1 3 -0.03 0.2 69 4 1 3 -0.01 0.1 72 4 1 3 0.00 0.0
EndGold2 0 -1 0 0 0.00 0.0

